# # UCl3                                                         FEFF 10.0.0 
# # POT  SCF 100  7.0000   0, core-hole, AFOLP (folp(0)= 1.150)
# # Abs   Z=92 Rmt= 1.843 Rnm= 1.937 M4 shell
# # Pot 1 Z=92 Rmt= 1.848 Rnm= 1.943
# # Pot 2 Z=17 Rmt= 1.478 Rnm= 1.553
# # Gam_ch=4.224E+00 H-L exch Vi=-7.500E-01 Vr= 0.000E+00
# # Mu=-5.685E+00eV kf=1.677E+00 Vint=-1.101E+01eV Rs_int= 2.163
# FMS rfms=10.0000
# # PATH  Rmax=-1.000,  Keep_limit= 0.00, Heap_limit 0.00  Pwcrit= 2.50%
#  S02=1.000  Temp=   0.00  Debye_temp=   0.00  Global_sig2= 0.00000
#  Energy zero shift, vr, vi    0.00000E+00   0.00000E+00
#  Curved wave amplitude ratio filter   4.000%
#     file         sig2 tot  cw amp ratio   deg  nlegs   reff  inp sig2
#     0/   0 paths used
#  xsedge+ 50, used to normalize mu           1.8039E-03
#  -----------------------------------------------------------------------
#  omega    e    k    mu    mu0     chi     @#
      3718.5698381518      -13.1524696000       -1.3999999759    1.7800703088E-01    1.4147460639E-01    3.6532424482E-02
      3719.5985337518      -12.1237740000       -1.2999999663    2.0239105627E-01    1.5520114667E-01    4.7189909603E-02
      3720.5510298518      -11.1712779000       -1.1999999558    2.3460394043E-01    1.7254153539E-01    6.2062405036E-02
      3721.4273261518      -10.2949816000       -1.0999999924    2.7799730444E-01    1.9486367963E-01    8.3133624810E-02
      3722.2274227818       -9.4948849700       -0.9999999839    3.3751454687E-01    2.2412399705E-01    1.1339054982E-01
      3722.9513197418       -8.7709880100       -0.9000000038    4.2029963656E-01    2.6306855385E-01    1.5723108272E-01
      3723.3131968118       -8.4091109400       -0.8455878334    4.7847849781E-01    2.8958575534E-01    1.8889274248E-01
      3723.9942493118       -7.7280584400       -0.7323004904    6.3872325279E-01    3.6023089542E-01    2.7849235736E-01
      3724.6753018118       -7.0470059400       -0.5979208911    9.1083734446E-01    4.7511150889E-01    4.3572583557E-01
      3725.3563543118       -6.3659534400       -0.4227939167    1.3537729481E+00    6.5105557247E-01    7.0271737560E-01
      3726.0374068118       -5.6849009400        0.0000000000    1.6761954678E+00    6.5918153475E-01    1.0170139331E+00
      3726.7184593118       -5.0038484400        0.4227939167    2.4342976110E+00    1.3201119101E+00    1.1141857009E+00
      3727.3995118118       -4.3227959400        0.5979208911    2.3491487634E+00    1.3247134637E+00    1.0244352997E+00
      3728.0805643118       -3.6417434400        0.7323004904    1.9361361786E+00    1.1750744671E+00    7.6106171151E-01
      3728.7616168118       -2.9606909400        0.8455878334    1.5048385204E+00    1.0469767879E+00    4.5786173245E-01
      3729.4426693118       -2.2796384400        0.9453958960    1.1742995805E+00    9.6049561487E-01    2.1380396558E-01
      3730.1237218118       -1.5985859400        1.0356293880    9.6952507510E-01    9.0752334956E-01    6.2001725542E-02
      3730.8047743098       -0.9175334420        1.1186075475    8.6985151493E-01    8.7872947243E-01   -8.8779574999E-03
      3731.4858268098       -0.2364809420        1.1958417822    8.4456495695E-01    8.6720910236E-01   -2.2644145412E-02
      3732.1668793098        0.4445715580        1.2683816767    8.6431261001E-01    8.6812339883E-01   -3.8107888225E-03
      3732.8479318118        1.1256240600        1.3369916979    9.1196506739E-01    8.7808009496E-01    3.3884972433E-02
      3733.5289843118        1.8066765600        1.4022487758    9.7443373977E-01    8.9466846463E-01    7.9765275144E-02
      3734.2100368118        2.4877290600        1.4646009807    1.0214596779E+00    9.1597138781E-01    1.0548829011E-01
      3734.8910893118        3.1687815600        1.5244050845    1.0193207636E+00    9.4041213515E-01    7.8908628406E-02
      3735.5721418118        3.8498340600        1.5819499647    9.6766998709E-01    9.6667044154E-01    9.9954555286E-04
      3736.2531943118        4.5308865600        1.6374737576    8.9872160728E-01    9.9355133500E-01   -9.4829727716E-02
      3736.9342468118        5.2119390600        1.6911756668    8.3925783406E-01    1.0199877354E+00   -1.8072990138E-01
      3737.6152993118        5.8929915600        1.7432239535    8.0284419319E-01    1.0447896463E+00   -2.4194545309E-01
      3737.7054829018        5.9831751500        1.7500000497    8.0031636287E-01    1.0484198361E+00   -2.4810347327E-01
      3738.3817550718        6.6594473200        1.8000000076    8.0022767724E-01    1.0705046038E+00   -2.7027692657E-01
      3739.0770771518        7.3547694000        1.8499999967    8.3173616376E-01    1.0903261669E+00   -2.5859000315E-01
      3739.7914491618        8.0691414100        1.9000000144    8.8411312871E-01    1.1068677621E+00   -2.2275463338E-01
      3740.5248710818        8.8025633300        1.9500000041    9.4032511918E-01    1.1196162950E+00   -1.7929117581E-01
      3741.2773429318        9.5550351800        1.9999999677    9.9163544496E-01    1.1266336194E+00   -1.3499817440E-01
      3742.0488646518       10.3265569000        2.0500000111    1.0447028478E+00    1.1259266011E+00   -8.1223753254E-02
      3742.8394363518       11.1171286000        2.1000000272    1.0973153393E+00    1.1175929080E+00   -2.0277568690E-02
      3743.6490579518       11.9267502000        2.1500000178    1.1343451576E+00    1.1039680046E+00    3.0377153035E-02
      3744.4777295518       12.7554218000        2.1999999848    1.1611980832E+00    1.0929079490E+00    6.8290134216E-02
      3745.3254509518       13.6031432000        2.2499999297    1.1788717346E+00    1.0833451513E+00    9.5526583293E-02
      3746.1922223518       14.4699146000        2.2999999464    1.1872986070E+00    1.0732821999E+00    1.1401640709E-01
      3747.0780436518       15.3557359000        2.3499999399    1.1846040749E+00    1.0618418969E+00    1.2276217804E-01
      3747.9829148518       16.2606071000        2.3999999116    1.1736312558E+00    1.0507654154E+00    1.2286584042E-01
      3748.9068359518       17.1845282000        2.4499999496    1.1579779390E+00    1.0412496636E+00    1.1672827537E-01
      3749.8498069518       18.1274992000        2.4999999650    1.1363939673E+00    1.0305300031E+00    1.0586396415E-01
      3750.8118279518       19.0895202000        2.5499999589    1.1104075775E+00    1.0189094614E+00    9.1498116026E-02
      3751.7928988518       20.0705911000        2.5999999326    1.0816556795E+00    1.0073198028E+00    7.4335876721E-02
      3752.7930196518       21.0707119000        2.6499998874    1.0530179750E+00    9.9616812718E-01    5.6849847776E-02
      3753.8121903518       22.0898826000        2.6999999030    1.0275331712E+00    9.8632591773E-01    4.1207253444E-02
      3754.8504110518       23.1281033000        2.7499998988    1.0053605692E+00    9.7741530320E-01    2.7945265985E-02
      3755.9076816518       24.1853739000        2.7999999518    9.8422116729E-01    9.6831912127E-01    1.5902046018E-02
      3756.9840020518       25.2616943000        2.8499999096    9.6361916659E-01    9.5971746842E-01    3.9016981664E-03
      3758.0793725518       26.3570648000        2.8999999240    9.4357670675E-01    9.5244435984E-01   -8.8676530929E-03
      3759.1937928518       27.4714851000        2.9499998478    9.2387743521E-01    9.4624364283E-01   -2.2366207617E-02
      3760.3272630518       28.6049553000        3.0000001112    9.0509470921E-01    9.4095370857E-01   -3.5858999355E-02
      3761.4797832518       29.7574755000        3.0500001392    8.8887003114E-01    9.3710679626E-01   -4.8236765119E-02
      3762.6513533518       30.9290456000        3.1000000806    8.7655855201E-01    9.3458904755E-01   -5.8030495536E-02
      3763.8419733518       32.1196656000        3.1500000745    8.6900786428E-01    9.3265790625E-01   -6.3650041977E-02
      3765.0516432518       33.3293355000        3.2000001186    8.6715728308E-01    9.3146207343E-01   -6.4304790355E-02
      3766.2803631518       34.5580554000        3.2500000795    8.7166066853E-01    9.3173425380E-01   -6.0073585275E-02
      3767.5281328518       35.8058251000        3.3000000901    8.8176220556E-01    9.3328551397E-01   -5.1523308407E-02
      3768.7949525518       37.0726448000        3.3500000209    8.9563153500E-01    9.3547598626E-01   -3.9844451262E-02
      3770.0808222518       38.3585145000        3.4000001260    9.1167383676E-01    9.3852794062E-01   -2.6854103859E-02
      3771.3857417518       39.6634340000        3.4500000276    9.2761492414E-01    9.4274437814E-01   -1.5129453998E-02
      3772.7097111518       40.9874034000        3.5000000993    9.4112542209E-01    9.4789439059E-01   -6.7689685051E-03
      3774.0527305518       42.3304228000        3.5500000941    9.5155830995E-01    9.5344481803E-01   -1.8865080835E-03
      3775.4147998518       43.6924921000        3.6000000152    9.6128935492E-01    9.5945549401E-01    1.8338609117E-03
      3776.7959190518       45.0736113000        3.6499999822    9.7414153333E-01    9.6630982329E-01    7.8317100403E-03
      3778.1960881518       46.4737804000        3.6999999933    9.9241813119E-01    9.7361610574E-01    1.8802025449E-02
      3779.6153072518       47.8929995000        3.7500000468    1.0159062456E+00    9.8069416600E-01    3.5212079584E-02
      3781.0535762518       49.3312685000        3.8000000288    1.0428622860E+00    9.8773459153E-01    5.5127694487E-02
      3782.5108950518       50.7885873000        3.8499998317    1.0694706602E+00    9.9484181998E-01    7.4628840170E-02
      3783.9872639518       52.2649562000        3.9000000081    1.0901779682E+00    1.0019369146E+00    8.8241053668E-02
      3785.4826826518       53.7603749000        3.9499996816    1.0989956410E+00    1.0085369234E+00    9.0458717584E-02
      3786.9971512518       55.2748435000        3.9999999354    1.0932198036E+00    1.0144337164E+00    7.8786087133E-02
      3788.5306698518       56.8083621000        4.0500001173    1.0758029466E+00    1.0198441725E+00    5.5958774099E-02
      3790.0832383518       58.3609306000        4.1000000222    1.0529426681E+00    1.0245691737E+00    2.8373494382E-02
      3791.6548567518       59.9325490000        4.1500002756    1.0302407720E+00    1.0281044729E+00    2.1362990943E-03
      3793.2455251518       61.5232174000        4.2000000543    1.0110195193E+00    1.0305247177E+00   -1.9505198411E-02
      3794.8552433518       63.1329356000        4.2500001763    9.9594345155E-01    1.0320376397E+00   -3.6094188179E-02
      3796.4840115518       64.7617038000        4.3000000356    9.8484208850E-01    1.0328554937E+00   -4.8013405249E-02
      3798.1318296518       66.4095219000        4.3500002285    9.7762472864E-01    1.0328242253E+00   -5.5199496623E-02
      3799.7986976518       68.0763899000        4.3999999696    9.7409810260E-01    1.0316101369E+00   -5.7512034310E-02
      3801.4846155518       69.7623078000        4.4500002307    9.7359028945E-01    1.0295192278E+00   -5.5928938308E-02
      3803.1895834518       71.4672757000        4.4999998594    9.7382500300E-01    1.0266461140E+00   -5.2821111028E-02
      3804.9136011518       73.1912934000        4.5500001862    9.7270277200E-01    1.0228704381E+00   -5.0167666100E-02
      3806.6566688518       74.9343611000        4.5999998929    9.7045580944E-01    1.0183084788E+00   -4.7852669343E-02
      3808.4187865518       76.6964788000        4.6500000980    9.6864727828E-01    1.0131859470E+00   -4.4538668769E-02
      3810.1999540518       78.4776463000        4.6999998798    9.6851022714E-01    1.0076980585E+00   -3.9187831379E-02
